7.75546485260771 
8.080544217687075 
8.126984126984127 
8.428843537414966 
8.475283446712018 
8.823582766439909 
18.11156462585034 
18.784943310657596 
18.970702947845805 
19.017142857142858 
19.319002267573698 
20.108480725623583 
27.144126984126984 
27.492426303854874 
27.93360544217687 
28.746303854875283 
28.93206349206349 
29.6518820861678 
30.209160997732425 
30.30204081632653 
30.696780045351474 
30.975419501133786 
31.045079365079363 
31.393378684807256 
31.509478458049887 
41.05287981859411 
41.586938775510205 
41.912018140589566 
42.26031746031746 
42.72471655328798 
